 <pre>

 Contingency table for Low clouds (octas)
 Selection: ALL    626 stations
Period: 20240423-20240504
Used {00,06,12,18} + 01 02 ... 12
 Limits    1.00000000       2.00000000       3.00000000       4.00000000       5.00000000       6.00000000       7.00000000    
 Each class is data <= limit, the very last > last limit
 Total number of values      229561
                                              OBSERVATION
                                  94553     3320     2441     1574     1531     1470     2454     4255 |    111598
                                   3443      598      588      476      494      427      905     1621 |      8552
                                   2378      445      416      401      395      410      835     1514 |      6794
                           Ref     2023      473      469      400      472      428      925     1582 |      6772
                                   1596      490      462      407      438      492      988     1821 |      6694
                                   1650      511      509      420      509      553     1203     2175 |      7530
                                   1878      710      762      595      746      846     1901     3811 |     11249
                                   4573     2851     3142     2725     3142     3779    10654    39506 |     70372

                    SUM          112094     9398     8789     6998     7727     8405    19865    56285 |    229561
                                              OBSERVATION
                                  94546     3700     2732     1876     1997     1867     3553     6863 |    117134
                                   3380      611      611      493      488      509      949     1932 |      8973
                                   2091      427      459      369      426      428      779     1599 |      6578
                       Highres     1739      396      390      332      361      403      803     1571 |      5995
                                   1515      358      367      319      349      402      858     1647 |      5815
                                   1439      414      423      376      394      398     1033     1957 |      6434
                                   1895      562      639      516      546      630     1525     3080 |      9393
                                   5489     2930     3168     2717     3166     3768    10365    37636 |     69239

                    SUM          112094     9398     8789     6998     7727     8405    19865    56285 |    229561

