 <pre>

 Contingency table for Cloud base (m)
 Selection: METCOOP    235 stations
Period: 20240423-20240504
Used {00,06,12,18} + 01 02 ... 12
 Limits    70.0000000       150.000000       300.000000       600.000000       1000.00000       1500.00000       2500.00000       5000.00000    
 Each class is data <= limit, the very last > last limit
 Total number of values       99243
                                                       OBSERVATION
                                   1258     1539      855      273      184      117      131       84      269 |      4710
                                    533     1521     1369      372      104       58       41       15       42 |      4055
                                    289     1185     2637     1128      280       91       52       19       94 |      5775
                                    179      620     2787     3789     1402      440      186       54      185 |      9642
                           Ref      156      319     1085     2090     2854     1541      463      108      335 |      8951
                                    105      169      457      726     1107     2423     1308      173      396 |      6864
                                     91      183      375      435      509     1143     3526      928      543 |      7733
                                     65       78      138      211      278      517     1539     2057      479 |      5362
                                    378      349      721     1068     1816     2860     4970     4770    29219 |     46151

                    SUM            3054     5963    10424    10092     8534     9190    12216     8208    31562 |     99243
                                                       OBSERVATION
                                    952     1079      684      212       97       61      101       81      220 |      3487
                                    367     1049      897      256       59       22       30       18       18 |      2716
                                    404     1351     2446      978      228       97       66       23       32 |      5625
                                    206      674     2266     2535      860      266      121       44      113 |      7085
                       Highres      156      426     1135     1852     1792      766      229       56      202 |      6614
                                    211      324      841     1181     1674     2130      919      165      452 |      7897
                                    146      333      700      865     1019     1966     3481     1231      998 |     10739
                                     82      144      214      311      414      679     1893     2144     1015 |      6896
                                    530      583     1241     1902     2391     3203     5376     4446    28512 |     48184

                    SUM            3054     5963    10424    10092     8534     9190    12216     8208    31562 |     99243

