 <pre>

 Contingency table for Visibility (m)
 Selection: ALL    717 stations
Period: 20240423-20240504
Used {00,06,12,18} + 00 01 ... 12
 Limits    1000.00000       5000.00000       10000.0000       20000.0000    
 Each class is data <= limit, the very last > last limit
 Total number of values      338892
                                     OBSERVATION
                                   1608     1783     1095     1220     1244 |      6950
                                   1319     7679     5179     5558     5714 |     25449
                           Ref      774     3041     5341    10954    15075 |     35185
                                    537     2165     5597    17339    49171 |     74809
                                    627     2220     9797    45736   138119 |    196499

                    SUM            4865    16888    27009    80807   209323 |    338892
                                     OBSERVATION
                                    858     1021      652      706      803 |      4040
                                   2272     9292     7805    10547    11390 |     41306
                       Highres      744     2858     4555    10150    18289 |     36596
                                    496     1824     5725    20325    58736 |     87106
                                    495     1893     8272    39079   120105 |    169844

                    SUM            4865    16888    27009    80807   209323 |    338892

