 <pre>

 Contingency table for Cloud cover (octas)
 Selection: METCOOP     35 stations
Period: 20240423-20240504
Used {00,06,12,18} + 01 02 ... 12
 Limits   0.500000000       1.50000000       2.50000000       3.50000000       4.50000000       5.50000000       6.50000000       7.50000000    
 Each class is data <= limit, the very last > last limit
 Total number of values        5823
                                                       OBSERVATION
                                    674      238       93       62       36       40       32       54       79 |      1308
                                     98       38       26       29       28       24       17       42       65 |       367
                                     73       27       18       16        9       16       20       46       35 |       260
                                     56       12       16       26       11       21       20       48       33 |       243
                           Ref       36       14       14       16       10       20       27       56       29 |       222
                                     41       17       17       16       13       25       27       61       42 |       259
                                     62       17       22       28       20       27       25       69       55 |       325
                                     99       26       29       32       25       46       46      124       92 |       519
                                    190       31       43       63       68       82      128      570     1145 |      2320

                    SUM            1329      420      278      288      220      301      342     1070     1575 |      5823
                                                       OBSERVATION
                                    680      236       89       63       54       59       47      101      118 |      1447
                                    134       45       33       23       18       28       29       73       50 |       433
                                     67       20       20       19       11       22       28       57       45 |       289
                                     60       13       13       20       15       23       22       38       49 |       253
                       Highres       50       21       11       20        7       16       15       48       32 |       220
                                     46       10       15       14       13       17       17       37       37 |       206
                                     44       12       16       24       17       16       15       51       59 |       254
                                     81       26       20       22       24       23       27       99       89 |       411
                                    167       37       61       83       61       97      142      566     1096 |      2310

                    SUM            1329      420      278      288      220      301      342     1070     1575 |      5823

