 <pre>

 Contingency table for Low clouds (octas)
 Selection: METCOOP    231 stations
Period: 20240423-20240504
Used {00,06,12,18} + 01 02 ... 12
 Limits    1.00000000       2.00000000       3.00000000       4.00000000       5.00000000       6.00000000       7.00000000    
 Each class is data <= limit, the very last > last limit
 Total number of values      100752
                                              OBSERVATION
                                  41042      728      700      549      521      473     1015     1898 |     46926
                                   1334      166      189      156      176      137      363      748 |      3269
                                    915      138      127      146      133      142      304      694 |      2599
                           Ref      772      148      135      133      148      118      343      751 |      2548
                                    599      149      138      139      152      141      379      862 |      2559
                                    650      176      170      154      192      167      483     1048 |      3040
                                    714      270      268      227      257      267      748     1804 |      4555
                                   1833     1269     1364     1372     1364     1498     5085    21471 |     35256

                    SUM           47859     3044     3091     2876     2943     2943     8720    29276 |    100752
                                              OBSERVATION
                                  41004      912      793      671      724      629     1548     3266 |     49547
                                   1230      166      193      187      169      139      356      854 |      3294
                                    799      142      147      141      150      138      312      771 |      2600
                       Highres      693      149      103      119      110      113      326      737 |      2350
                                    639      109      133      115      122      124      369      785 |      2396
                                    568      139      148      159      131      116      446      949 |      2656
                                    745      193      237      196      214      213      615     1570 |      3983
                                   2181     1234     1337     1288     1323     1471     4748    20344 |     33926

                    SUM           47859     3044     3091     2876     2943     2943     8720    29276 |    100752

