 <pre>

 Contingency table for Cloud base (m)
 Selection: ALL    639 stations
Period: 20240423-20240504
Used {00,06,12,18} + 01 02 ... 12
 Limits    70.0000000       150.000000       300.000000       600.000000       1000.00000       1500.00000       2500.00000       5000.00000    
 Each class is data <= limit, the very last > last limit
 Total number of values      224842
                                                       OBSERVATION
                                   1913     2007     1099      397      304      173      194      212      556 |      6855
                                    745     2165     1957      651      224       86       58       44       71 |      6001
                                    504     1997     4536     2210      623      197      106       65      145 |     10383
                                    346     1026     4906     7750     3363      962      461      207      283 |     19304
                           Ref      250      550     1885     4897     7882     3647     1310      475      670 |     21566
                                    179      282      794     1892     3840     6597     3601      923      948 |     19056
                                    162      257      645     1200     2046     3263     8718     2963     1649 |     20903
                                    111      125      242      503      879     1202     3323     5244      854 |     12483
                                    768      590     1233     2821     6095     7457    11774    15900    61653 |    108291

                    SUM            4978     8999    17297    22321    25256    23584    29545    26033    66829 |    224842
                                                       OBSERVATION
                                   1241     1388      900      309      183       93      128      173      394 |      4809
                                    535     1456     1329      467      130       46       38       33       33 |      4067
                                    657     2143     4027     2062      591      178      124       71       45 |      9898
                                    388     1096     3954     5171     2007      525      291      150      172 |     13754
                       Highres      277      692     2053     4263     4778     1937      690      281      393 |     15364
                                    373      538     1422     2772     5021     5759     2780      825      957 |     20447
                                    283      523     1168     2070     3389     4902     8970     3596     2566 |     27467
                                    160      220      396      776     1274     1574     3980     5446     1650 |     15476
                                   1064      943     2048     4431     7883     8570    12544    15458    60619 |    113560

                    SUM            4978     8999    17297    22321    25256    23584    29545    26033    66829 |    224842

