 <pre>

 Contingency table for Visibility (m)
 Selection: METCOOP    268 stations
Period: 20240423-20240504
Used {00,06,12,18} + 00 01 ... 12
 Limits    1000.00000       5000.00000       10000.0000       20000.0000    
 Each class is data <= limit, the very last > last limit
 Total number of values      138542
                                     OBSERVATION
                                    986     1222      584      663     1042 |      4497
                                    788     5514     3302     3133     4396 |     17133
                           Ref      376      787     1293     2516     6643 |     11615
                                    329      683     1131     3526    20848 |     26517
                                    369      801     1685     9354    66571 |     78780

                    SUM            2848     9007     7995    19192    99500 |    138542
                                     OBSERVATION
                                    585      741      346      443      659 |      2774
                                   1374     5883     3766     4637     7576 |     23236
                       Highres      348     1053     1257     2304     7574 |     12536
                                    283      654     1140     3533    21371 |     26981
                                    258      676     1486     8275    62320 |     73015

                    SUM            2848     9007     7995    19192    99500 |    138542

