 <pre>

 Contingency table for Cloud cover (octas)
 Selection: ALL    387 stations
Period: 20240423-20240504
Used {00,06,12,18} + 01 02 ... 12
 Limits   0.500000000       1.50000000       2.50000000       3.50000000       4.50000000       5.50000000       6.50000000       7.50000000    
 Each class is data <= limit, the very last > last limit
 Total number of values      128597
                                                       OBSERVATION
                                  11600     2147     2050     1134      679      647      706      720     1347 |     21030
                                   2187      591      707      542      369      509      637      723     1384 |      7649
                                   1331      363      440      375      268      368      510      630     1301 |      5586
                                   1068      270      341      353      266      363      536      693     1414 |      5304
                           Ref     1007      247      323      316      277      416      567      778     1625 |      5556
                                    935      232      346      349      282      459      641      982     1974 |      6200
                                    994      262      328      332      340      516      741     1328     2754 |      7595
                                   1426      399      503      499      447      683     1180     2235     4857 |     12229
                                   2484      888     1030      990     1090     1697     3162     9803    36304 |     57448

                    SUM           23032     5399     6068     4890     4018     5658     8680    17892    52960 |    128597
                                                       OBSERVATION
                                  11561     2153     2057     1190      760      768      898      893     2039 |     22319
                                   2149      545      698      524      383      494      614      767     1498 |      7672
                                   1298      347      423      373      297      398      531      699     1457 |      5823
                                   1052      264      340      305      238      333      477      649     1397 |      5055
                       Highres      939      242      298      293      200      363      461      715     1486 |      4997
                                    959      227      285      265      245      387      540      767     1731 |      5406
                                    956      278      320      316      274      463      658     1046     2291 |      6602
                                   1342      368      441      392      410      574      965     1776     3977 |     10245
                                   2776      975     1206     1232     1211     1878     3536    10580    37084 |     60478

                    SUM           23032     5399     6068     4890     4018     5658     8680    17892    52960 |    128597

