 <pre>

 Contingency table for Rh2m (%)
 Selection: ALL   1066 stations
Period: 20240423-20240504
Used {00,06,12,18} + 00 01 ... 12
 Limits    30.0000000       50.0000000       65.0000000       75.0000000       85.0000000       95.0000000       100.000000    
 Each class is data <= limit, the very last > last limit
 Total number of values      556032
                                              OBSERVATION
                                    951      195        2        2        0        0        0        0 |      1150
                                   5431    34072     4089      344       75        7        0        0 |     44018
                                    796    32735    46678     9691     2405      498       83        0 |     92886
                           Ref      108     5262    34808    35368    13493     3033      379        0 |     92451
                                    160     1375    13132    32755    44839    18767     2335        0 |    113363
                                     27      399     3638    11227    37319    68873    20927        0 |    142410
                                      0       56      497     1316     5348    23473    38905        0 |     69595
                                      0        0        1        1        9       16      132        0 |       159

                    SUM            7473    74094   102845    90704   103488   114667    62761        0 |    556032
                                              OBSERVATION
                                   1360      645       55       15        2        2        0        0 |      2079
                                   5319    43178    10496     1697      441       99       18        0 |     61248
                                    642    25789    56340    18677     6182     1490      258        0 |    109378
                       Highres      108     3150    25059    38967    20802     5873      926        0 |     94885
                                     36      949     7879    23002    45869    25289     4014        0 |    107038
                                      8      338     2574     7338    26528    65057    24804        0 |    126647
                                      0       45      433     1006     3656    16846    32708        0 |     54694
                                      0        0        9        2        8       11       33        0 |        63

                    SUM            7473    74094   102845    90704   103488   114667    62761        0 |    556032

